698
2792
2793
2794
2795
570
2280
2281
2282
2283
954
3816
3817
3818
3819
826
3304
3305
3306
3307
762
3048
3049
3050
3051
634
2536
2537
2538
2539
218
58
250
1018
4072
4073
4074
4075
154
186
890
3560
3561
3562
3563
858
3432
3433
3434
3435
986
3944
3945
3946
3947
602
2408
2409
2410
2411
730
2920
2921
2922
2923
922
3688
3689
3690
3691
666
2664
2665
2666
2667
538
2152
2153
2154
2155
794
3176
3177
3178
3179
714
2856
2857
2858
2859
586
2344
2345
2346
2347
522
2088
2089
2090
2091
138
970
3880
3881
3882
3883
842
3368
3369
3370
3371
778
3112
3113
3114
3115
650
2600
2601
2602
2603
554
2216
2217
2218
2219
202
234
906
3624
3625
3626
3627
170
810
3240
3241
3242
3243
938
3752
3753
3754
3755
874
3496
3497
3498
3499
682
2728
2729
2730
2731
1002
4008
4009
4010
4011
618
2472
2473
2474
2475
746
2984
2985
2986
2987
42
10
770
3080
3081
3082
3083
898
3592
3593
3594
3595
834
3336
3337
3338
3339
194
130
514
2056
2057
2058
2059
642
2568
2569
2570
2571
962
3848
3849
3850
3851
578
2312
2313
2314
2315
706
2824
2825
2826
2827
802
3208
3209
3210
3211
930
3720
3721
3722
3723
162
994
3976
3977
3978
3979
546
2184
2185
2186
2187
674
2696
2697
2698
2699
738
2952
2953
2954
2955
226
866
3464
3465
3466
3467
34
818
3272
3273
3274
3275
610
2440
2441
2442
2443
562
2248
2249
2250
2251
146
946
3784
3785
3786
3787
690
2760
2761
2762
2763
210
50
1010
4040
4041
4042
4043
754
3016
3017
3018
3019
882
3528
3529
3530
3531
242
178
978
3912
3913
3914
3915
626
2504
2505
2506
2507
722
2888
2889
2890
2891
850
3400
3401
3402
3403
914
3656
3657
3658
3659
594
2376
2377
2378
2379
658
2632
2633
2634
2635
786
3144
3145
3146
3147
530
2120
2121
2122
2123
38
806
3224
3225
3226
3227
550
2200
2201
2202
2203
166
230
934
3736
3737
3738
3739
678
2712
2713
2714
2715
998
3992
3993
3994
3995
742
2968
2969
2970
2971
870
3480
3481
3482
3483
838
3352
3353
3354
3355
614
2456
2457
2458
2459
582
2328
2329
2330
2331
710
2840
2841
2842
2843
966
3864
3865
3866
3867
902
3608
3609
3610
3611
646
2584
2585
2586
2587
198
134
518
2072
2073
2074
2075
774
3096
3097
3098
3099
726
2904
2905
2906
2907
598
2392
2393
2394
2395
982
3928
3929
3930
3931
662
2648
2649
2650
2651
854
3416
3417
3418
3419
918
3672
3673
3674
3675
790
3160
3161
3162
3163
886
3544
3545
3546
3547
214
150
182
534
2136
2137
2138
2139
630
2520
2521
2522
2523
758
3032
3033
3034
3035
694
2776
2777
2778
2779
1014
4056
4057
4058
4059
950
3800
3801
3802
3803
246
566
2264
2265
2266
2267
822
3288
3289
3290
3291
54
766
3064
3065
3066
3067
638
2552
2553
2554
2555
254
702
2808
2809
2810
2811
1022
4088
4089
4090
4091
894
3576
3577
3578
3579
958
3832
3833
3834
3835
830
3320
3321
3322
3323
190
574
2296
2297
2298
2299
62
862
3448
3449
3450
3451
990
3960
3961
3962
3963
222
606
2424
2425
2426
2427
734
2936
2937
2938
2939
798
3192
3193
3194
3195
542
2168
2169
2170
2171
926
3704
3705
3706
3707
670
2680
2681
2682
2683
750
3000
3001
3002
3003
622
2488
2489
2490
2491
686
2744
2745
2746
2747
1006
4024
4025
4026
4027
878
3512
3513
3514
3515
942
3768
3769
3770
3771
158
174
46
238
558
2232
2233
2234
2235
814
3256
3257
3258
3259
526
2104
2105
2106
2107
782
3128
3129
3130
3131
654
2616
2617
2618
2619
910
3640
3641
3642
3643
142
846
3384
3385
3386
3387
590
2360
2361
2362
2363
974
3896
3897
3898
3899
14
718
2872
2873
2874
2875
206
672
2688
2689
2690
2691
544
2176
2177
2178
2179
928
3712
3713
3714
3715
800
3200
3201
3202
3203
736
2944
2945
2946
2947
608
2432
2433
2434
2435
992
3968
3969
3970
3971
864
3456
3457
3458
3459
832
3328
3329
3330
3331
960
3840
3841
3842
3843
256
4
896
3584
3585
3586
3587
192
64
160
224
576
2304
2305
2306
2307
704
2816
2817
2818
2819
1024
4096
640
2560
2561
2562
2563
768
3072
3073
3074
3075
784
3136
3137
3138
3139
528
2112
2113
2114
2115
208
48
656
2624
2625
2626
2627
912
3648
3649
3650
3651
720
2880
2881
2882
2883
976
3904
3905
3906
3907
240
144
16
848
3392
3393
3394
3395
944
3776
3777
3778
3779
592
2368
2369
2370
2371
688
2752
2753
2754
2755
816
3264
3265
3266
3267
880
3520
3521
3522
3523
1008
4032
4033
4034
4035
176
560
2240
2241
2242
2243
624
2496
2497
2498
2499
752
3008
3009
3010
3011
824
3296
3297
3298
3299
568
2272
2273
2274
2275
696
2784
2785
2786
2787
952
3808
3809
3810
3811
760
3040
3041
3042
3043
632
2528
2529
2530
2531
1016
4064
4065
4066
4067
888
3552
3553
3554
3555
216
152
184
248
856
3424
3425
3426
3427
984
3936
3937
3938
3939
600
2400
2401
2402
2403
728
2912
2913
2914
2915
792
3168
3169
3170
3171
920
3680
3681
3682
3683
56
536
2144
2145
2146
2147
664
2656
2657
2658
2659
776
3104
3105
3106
3107
520
2080
2081
2082
2083
40
648
2592
2593
2594
2595
584
2336
2337
2338
2339
904
3616
3617
3618
3619
200
840
3360
3361
3362
3363
968
3872
3873
3874
3875
712
2848
2849
2850
2851
872
3488
3489
3490
3491
1000
4000
4001
4002
4003
232
136
616
2464
2465
2466
2467
744
2976
2977
2978
2979
936
3744
3745
3746
3747
168
680
2720
2721
2722
2723
552
2208
2209
2210
2211
808
3232
3233
3234
3235
12
636
2544
2545
2546
2547
892
3568
3569
3570
3571
764
3056
3057
3058
3059
700
2800
2801
2802
2803
1020
4080
4081
4082
4083
956
3824
3825
3826
3827
252
60
828
3312
3313
3314
3315
860
3440
3441
3442
3443
188
572
2288
2289
2290
2291
604
2416
2417
2418
2419
988
3952
3953
3954
3955
732
2928
2929
2930
2931
924
3696
3697
3698
3699
156
220
668
2672
2673
2674
2675
540
2160
2161
2162
2163
204
796
3184
3185
3186
3187
780
3120
3121
3122
3123
908
3632
3633
3634
3635
844
3376
3377
3378
3379
140
524
2096
2097
2098
2099
652
2608
2609
2610
2611
972
3888
3889
3890
3891
588
2352
2353
2354
2355
44
716
2864
2865
2866
2867
236
1004
4016
4017
4018
4019
748
2992
2993
2994
2995
620
2480
2481
2482
2483
876
3504
3505
3506
3507
556
2224
2225
2226
2227
812
3248
3249
3250
3251
172
684
2736
2737
2738
2739
940
3760
3761
3762
3763
1012
4048
4049
4050
4051
756
3024
3025
3026
3027
180
244
884
3536
3537
3538
3539
628
2512
2513
2514
2515
820
3280
3281
3282
3283
948
3792
3793
3794
3795
564
2256
2257
2258
2259
692
2768
2769
2770
2771
852
3408
3409
3410
3411
980
3920
3921
3922
3923
212
52
148
596
2384
2385
2386
2387
724
2896
2897
2898
2899
788
3152
3153
3154
3155
916
3664
3665
3666
3667
532
2128
2129
2130
2131
660
2640
2641
2642
2643
132
196
964
3856
3857
3858
3859
708
2832
2833
2834
2835
836
3344
3345
3346
3347
580
2320
2321
2322
2323
772
3088
3089
3090
3091
900
3600
3601
3602
3603
516
2064
2065
2066
2067
36
164
996
3984
3985
3986
3987
644
2576
2577
2578
2579
740
2960
2961
2962
2963
868
3472
3473
3474
3475
228
932
3728
3729
3730
3731
612
2448
2449
2450
2451
676
2704
2705
2706
2707
548
2192
2193
2194
2195
804
3216
3217
3218
3219
707
2828
2829
2830
2831
579
2316
2317
2318
2319
515
2060
2061
2062
2063
195
963
3852
3853
3854
3855
835
3340
3341
3342
3343
771
3084
3085
3086
3087
131
643
2572
2573
2574
2575
675
2700
2701
2702
2703
163
899
3596
3597
3598
3599
931
3724
3725
3726
3727
803
3212
3213
3214
3215
995
3980
3981
3982
3983
547
2188
2189
2190
2191
227
739
2956
2957
2958
2959
611
2444
2445
2446
2447
35
867
3468
3469
3470
3471
691
2764
2765
2766
2767
563
2252
2253
2254
2255
947
3788
3789
3790
3791
819
3276
3277
3278
3279
883
3532
3533
3534
3535
627
2508
2509
2510
2511
243
1011
4044
4045
4046
4047
755
3020
3021
3022
3023
179
595
2380
2381
2382
2383
211
851
3404
3405
3406
3407
51
979
3916
3917
3918
3919
723
2892
2893
2894
2895
659
2636
2637
2638
2639
531
2124
2125
2126
2127
147
915
3660
3661
3662
3663
787
3148
3149
3150
3151
747
2988
2989
2990
2991
619
2476
2477
2478
2479
683
2732
2733
2734
2735
1003
4012
4013
4014
4015
171
875
3500
3501
3502
3503
939
3756
3757
3758
3759
811
3244
3245
3246
3247
235
555
2220
2221
2222
2223
203
779
3116
3117
3118
3119
907
3628
3629
3630
3631
43
139
843
3372
3373
3374
3375
523
2092
2093
2094
2095
651
2604
2605
2606
2607
971
3884
3885
3886
3887
587
2348
2349
2350
2351
715
2860
2861
2862
2863
699
2796
2797
2798
2799
571
2284
2285
2286
2287
955
3820
3821
3822
3823
827
3308
3309
3310
3311
891
3564
3565
3566
3567
635
2540
2541
2542
2543
1019
4076
4077
4078
4079
763
3052
3053
3054
3055
251
59
187
539
2156
2157
2158
2159
219
795
3180
3181
3182
3183
155
923
3692
3693
3694
3695
667
2668
2669
2670
2671
731
2924
2925
2926
2927
987
3948
3949
3950
3951
603
2412
2413
2414
2415
11
859
3436
3437
3438
3439
687
2748
2749
2750
2751
559
2236
2237
2238
2239
943
3772
3773
3774
3775
815
3260
3261
3262
3263
623
2492
2493
2494
2495
879
3516
3517
3518
3519
751
3004
3005
3006
3007
719
2876
2877
2878
2879
239
591
2364
2365
2366
2367
175
47
143
207
1007
4028
4029
4030
4031
975
3900
3901
3902
3903
847
3388
3389
3390
3391
783
3132
3133
3134
3135
911
3644
3645
3646
3647
527
2108
2109
2110
2111
655
2620
2621
2622
2623
735
2940
2941
2942
2943
607
2428
2429
2430
2431
223
991
3964
3965
3966
3967
863
3452
3453
3454
3455
671
2684
2685
2686
2687
543
2172
2173
2174
2175
63
927
3708
3709
3710
3711
799
3196
3197
3198
3199
15
831
3324
3325
3326
3327
959
3836
3837
3838
3839
255
159
191
895
3580
3581
3582
3583
575
2300
2301
2302
2303
703
2812
2813
2814
2815
1023
4092
4093
4094
4095
639
2556
2557
2558
2559
767
3068
3069
3070
3071
775
3100
3101
3102
3103
519
2076
2077
2078
2079
903
3612
3613
3614
3615
199
135
967
3868
3869
3870
3871
647
2588
2589
2590
2591
167
711
2844
2845
2846
2847
839
3356
3357
3358
3359
999
3996
3997
3998
3999
583
2332
2333
2334
2335
231
743
2972
2973
2974
2975
615
2460
2461
2462
2463
679
2716
2717
2718
2719
871
3484
3485
3486
3487
935
3740
3741
3742
3743
807
3228
3229
3230
3231
791
3164
3165
3166
3167
551
2204
2205
2206
2207
535
2140
2141
2142
2143
919
3676
3677
3678
3679
855
3420
3421
3422
3423
55
663
2652
2653
2654
2655
599
2396
2397
2398
2399
183
247
983
3932
3933
3934
3935
951
3804
3805
3806
3807
727
2908
2909
2910
2911
695
2780
2781
2782
2783
823
3292
3293
3294
3295
887
3548
3549
3550
3551
215
151
1015
4060
4061
4062
4063
567
2268
2269
2270
2271
631
2524
2525
2526
2527
759
3036
3037
3038
3039
39
3
13
813
3252
3253
3254
3255
941
3764
3765
3766
3767
173
557
2228
2229
2230
2231
685
2740
2741
2742
2743
141
621
2484
2485
2486
2487
877
3508
3509
3510
3511
1005
4020
4021
4022
4023
237
749
2996
2997
2998
2999
589
2356
2357
2358
2359
205
845
3380
3381
3382
3383
717
2868
2869
2870
2871
45
973
3892
3893
3894
3895
781
3124
3125
3126
3127
909
3636
3637
3638
3639
525
2100
2101
2102
2103
653
2612
2613
2614
2615
701
2804
2805
2806
2807
573
2292
2293
2294
2295
221
157
61
957
3828
3829
3830
3831
829
3316
3317
3318
3319
765
3060
3061
3062
3063
1021
4084
4085
4086
4087
893
3572
3573
3574
3575
189
253
989
3956
3957
3958
3959
637
2548
2549
2550
2551
733
2932
2933
2934
2935
861
3444
3445
3446
3447
925
3700
3701
3702
3703
605
2420
2421
2422
2423
669
2676
2677
2678
2679
797
3188
3189
3190
3191
541
2164
2165
2166
2167
757
3028
3029
3030
3031
629
2516
2517
2518
2519
693
2772
2773
2774
2775
565
2260
2261
2262
2263
1013
4052
4053
4054
4055
885
3540
3541
3542
3543
949
3796
3797
3798
3799
181
245
597
2388
2389
2390
2391
53
821
3284
3285
3286
3287
213
853
3412
3413
3414
3415
981
3924
3925
3926
3927
725
2900
2901
2902
2903
917
3668
3669
3670
3671
661
2644
2645
2646
2647
789
3156
3157
3158
3159
149
533
2132
2133
2134
2135
869
3476
3477
3478
3479
613
2452
2453
2454
2455
741
2964
2965
2966
2967
997
3988
3989
3990
3991
229
933
3732
3733
3734
3735
37
165
677
2708
2709
2710
2711
805
3220
3221
3222
3223
549
2196
2197
2198
2199
517
2068
2069
2070
2071
133
197
773
3092
3093
3094
3095
901
3604
3605
3606
3607
837
3348
3349
3350
3351
965
3860
3861
3862
3863
645
2580
2581
2582
2583
581
2324
2325
2326
2327
709
2836
2837
2838
2839
185
889
3556
3557
3558
3559
633
2532
2533
2534
2535
153
249
761
3044
3045
3046
3047
1017
4068
4069
4070
4071
825
3300
3301
3302
3303
953
3812
3813
3814
3815
985
3940
3941
3942
3943
569
2276
2277
2278
2279
697
2788
2789
2790
2791
729
2916
2917
2918
2919
857
3428
3429
3430
3431
217
601
2404
2405
2406
2407
665
2660
2661
2662
2663
921
3684
3685
3686
3687
793
3172
3173
3174
3175
57
537
2148
2149
2150
2151
681
2724
2725
2726
2727
937
3748
3749
3750
3751
809
3236
3237
3238
3239
169
553
2212
2213
2214
2215
9
745
2980
2981
2982
2983
1001
4004
4005
4006
4007
873
3492
3493
3494
3495
905
3620
3621
3622
3623
233
617
2468
2469
2470
2471
649
2596
2597
2598
2599
41
137
521
2084
2085
2086
2087
201
777
3108
3109
3110
3111
969
3876
3877
3878
3879
713
2852
2853
2854
2855
585
2340
2341
2342
2343
609
2436
2437
2438
2439
841
3364
3365
3366
3367
161
865
3460
3461
3462
3463
737
2948
2949
2950
2951
993
3972
3973
3974
3975
929
3716
3717
3718
3719
673
2692
2693
2694
2695
129
801
3204
3205
3206
3207
225
33
833
3332
3333
3334
3335
961
3844
3845
3846
3847
545
2180
2181
2182
2183
193
577
2308
2309
2310
2311
705
2820
2821
2822
2823
897
3588
3589
3590
3591
641
2564
2565
2566
2567
513
2052
2053
2054
2055
769
3076
3077
3078
3079
849
3396
3397
3398
3399
593
2372
2373
2374
2375
209
721
2884
2885
2886
2887
657
2628
2629
2630
2631
529
2116
2117
2118
2119
977
3908
3909
3910
3911
913
3652
3653
3654
3655
785
3140
3141
3142
3143
145
49
817
3268
3269
3270
3271
561
2244
2245
2246
2247
241
945
3780
3781
3782
3783
689
2756
2757
2758
2759
881
3524
3525
3526
3527
1009
4036
4037
4038
4039
625
2500
2501
2502
2503
753
3012
3013
3014
3015
177
2049
2050
2051