9
757
629
693
565
533
181
149
133
245
213
53
1013
885
949
821
789
917
661
725
981
597
645
853
901
773
517
37
581
837
965
197
165
709
677
933
549
805
997
229
741
869
613
525
141
45
13
781
653
61
909
845
589
717
973
749
621
685
1005
205
557
877
941
813
173
893
237
637
765
701
253
573
1021
957
189
829
541
221
797
669
925
989
733
605
617
861
873
745
1001
233
157
553
169
809
41
681
521
137
57
201
937
777
905
841
969
649
585
713
569
249
825
953
697
1017
185
761
633
889
729
601
985
665
537
153
857
161
921
793
737
217
609
673
993
33
225
865
929
801
545
129
769
897
961
513
193
641
705
833
849
577
145
593
977
209
721
785
913
529
11
657
561
49
817
689
625
241
945
881
1009
177
753
151
55
983
727
855
919
215
599
663
791
1015
535
183
247
759
631
887
823
951
567
695
519
199
135
775
647
903
967
711
15
839
583
935
167
679
551
807
743
615
231
999
871
223
799
927
863
991
159
543
671
607
191
959
735
703
831
575
639
255
895
767
63
39
527
175
143
47
1023
783
911
655
719
239
975
847
815
943
879
1007
207
591
559
687
623
751
571
827
955
699
763
635
251
1019
891
795
923
859
987
59
187
219
155
539
667
603
971
731
715
203
587
843
523
779
651
907
811
939
139
43
51
171
555
683
619
875
1003
1011
235
179
243
747
211
755
883
947
627
691
819
915
563
147
659
787
851
531
35
979
595
723
547
803
931
995
227
675
739
611
515
163
195
867
771
899
131
835
963
643
579
707
3
706
194
962
834
578
770
514
642
130
898
546
226
802
674
162
146
930
738
994
610
210
866
722
978
594
178
658
242
850
914
786
818
946
882
34
530
562
690
1010
626
754
50
922
666
794
858
154
986
218
538
602
730
762
10
634
698
570
58
1018
250
186
890
954
554
138
202
170
234
826
810
682
938
746
1002
874
970
618
714
586
842
650
906
778
42
522
206
974
718
590
846
142
654
910
526
62
174
238
782
686
942
814
878
1006
558
622
750
766
638
1022
702
574
894
190
542
254
158
222
958
830
798
926
990
670
734
606
862
46
150
214
790
918
854
534
182
662
982
1014
598
246
726
758
630
694
54
886
950
566
550
166
14
134
230
822
806
934
998
678
742
870
966
614
198
710
838
902
582
646
774
38
518
12
872
1000
232
616
744
552
168
808
40
136
936
904
680
648
776
968
520
712
840
200
888
584
632
1016
760
952
184
696
824
248
568
56
216
984
728
600
856
536
792
664
152
592
240
176
208
920
848
976
720
656
912
784
816
48
144
944
880
1008
528
560
688
624
752
736
608
992
544
864
800
672
704
160
576
224
928
960
832
768
640
1024
896
764
256
636
700
192
572
64
540
1020
892
956
828
796
668
924
860
188
156
252
604
732
652
220
524
988
908
780
844
588
716
204
556
16
972
812
940
684
60
140
1004
748
236
620
876
172
44
772
900
836
964
132
196
516
644
580
164
708
676
932
804
548
996
740
868
228
612
724
596
980
532
148
852
788
660
692
564
916
948
820
1012
52
756
212
180
244
36
628
884
4
4095
3071
2559
3583
3327
2303
3839
2815
3711
2687
2175
3199
3967
2943
3455
2431
3903
2879
2367
3391
3135
2111
3647
2623
4031
3007
2495
3519
3775
2751
2239
3263
3999
2975
2463
3487
3231
2207
3743
2719
3615
2591
2079
3103
3871
2847
3359
2335
4063
3039
2527
3551
3295
2271
3807
2783
3935
2911
2399
3423
3167
2143
3679
2655
4047
3023
2511
3535
3279
2255
3791
2767
3663
2639
2127
3151
3919
2895
3407
2383
3855
2831
2319
3343
3087
2063
3599
2575
3983
2959
2447
3471
3727
2703
2191
3215
4079
3055
2543
3567
3311
2287
3823
2799
3695
2671
2159
3183
3951
2927
3439
2415
4015
2991
2479
3503
3247
2223
3759
2735
3631
2607
2095
3119
3887
2863
3375
2351
4071
3047
2535
3559
3303
2279
3815
2791
3687
2663
2151
3175
3943
2919
3431
2407
3879
2855
2343
3367
3111
2087
3623
2599
4007
2983
2471
3495
3751
2727
2215
3239
3975
2951
2439
3463
3207
2183
3719
2695
3591
2567
2055
3079
3847
2823
3335
2311
4039
3015
2503
3527
3271
2247
3783
2759
3911
2887
2375
3399
3143
2119
3655
2631
4087
3063
2551
3575
3319
2295
3831
2807
3703
2679
2167
3191
3959
2935
3447
2423
3895
2871
2359
3383
3127
2103
3639
2615
4023
2999
2487
3511
3767
2743
2231
3255
4055
3031
2519
3543
3287
2263
3799
2775
3671
2647
2135
3159
3927
2903
3415
2391
3863
2839
2327
3351
3095
2071
3607
2583
3991
2967
2455
3479
3735
2711
2199
3223
4083
3059
2547
3571
3315
2291
3827
2803
3699
2675
2163
3187
3955
2931
3443
2419
3891
2867
2355
3379
3123
2099
3635
2611
4019
2995
2483
3507
3763
2739
2227
3251
3987
2963
2451
3475
3219
2195
3731
2707
3603
2579
2067
3091
3859
2835
3347
2323
4051
3027
2515
3539
3283
2259
3795
2771
3923
2899
2387
3411
3155
2131
3667
2643
4035
3011
2499
3523
3267
2243
3779
2755
3651
2627
2115
3139
3907
2883
3395
2371
3843
2819
2307
3331
3075
2051
3587
2563
3971
2947
2435
3459
3715
2691
2179
3203
4067
3043
2531
3555
3299
2275
3811
2787
3683
2659
2147
3171
3939
2915
3427
2403
4003
2979
2467
3491
3235
2211
3747
2723
3619
2595
2083
3107
3875
2851
3363
2339
4091
3067
2555
3579
3323
2299
3835
2811
3707
2683
2171
3195
3963
2939
3451
2427
3899
2875
2363
3387
3131
2107
3643
2619
4027
3003
2491
3515
3771
2747
2235
3259
3995
2971
2459
3483
3227
2203
3739
2715
3611
2587
2075
3099
3867
2843
3355
2331
4059
3035
2523
3547
3291
2267
3803
2779
3931
2907
2395
3419
3163
2139
3675
2651
4075
3051
2539
3563
3307
2283
3819
2795
3691
2667
2155
3179
3947
2923
3435
2411
3883
2859
2347
3371
3115
2091
3627
2603
4011
2987
2475
3499
3755
2731
2219
3243
3979
2955
2443
3467
3211
2187
3723
2699
3595
2571
2059
3083
3851
2827
3339
2315
4043
3019
2507
3531
3275
2251
3787
2763
3915
2891
2379
3403
3147
2123
3659
2635
4089
3065
2553
3577
3321
2297
3833
2809
3705
2681
2169
3193
3961
2937
3449
2425
3897
2873
2361
3385
3129
2105
3641
2617
4025
3001
2489
3513
3769
2745
2233
3257
3993
2969
2457
3481
3225
2201
3737
2713
3609
2585
2073
3097
3865
2841
3353
2329
4057
3033
2521
3545
3289
2265
3801
2777
3929
2905
2393
3417
3161
2137
3673
2649
4041
3017
2505
3529
3273
2249
3785
2761
3657
2633
2121
3145
3913
2889
3401
2377
3849
2825
2313
3337
3081
2057
3593
2569
3977
2953
2441
3465
3721
2697
2185
3209
4073
3049
2537
3561
3305
2281
3817
2793
3689
2665
2153
3177
3945
2921
3433
2409
4009
2985
2473
3497
3241
2217
3753
2729
3625
2601
2089
3113
3881
2857
3369
2345
4065
3041
2529
3553
3297
2273
3809
2785
3681
2657
2145
3169
3937
2913
3425
2401
3873
2849
2337
3361
3105
2081
3617
2593
4001
2977
2465
3489
3745
2721
2209
3233
3969
2945
2433
3457
3201
2177
3713
2689
3585
2561
2049
3073
3841
2817
3329
2305
4033
3009
2497
3521
3265
2241
3777
2753
3905
2881
2369
3393
3137
2113
3649
2625
4081
3057
2545
3569
3313
2289
3825
2801
3697
2673
2161
3185
3953
2929
3441
2417
3889
2865
2353
3377
3121
2097
3633
2609
4017
2993
2481
3505
3761
2737
2225
3249
4049
3025
2513
3537
3281
2257
3793
2769
3665
2641
2129
3153
3921
2897
3409
2385
3857
2833
2321
3345
3089
2065
3601
2577
3985
2961
2449
3473
3729
2705
2193
3217
4093
3069
2557
3581
3325
2301
3837
2813
3709
2685
2173
3197
3965
2941
3453
2429
3901
2877
2365
3389
3133
2109
3645
2621
4029
3005
2493
3517
3773
2749
2237
3261
3997
2973
2461
3485
3229
2205
3741
2717
3613
2589
2077
3101
3869
2845
3357
2333
4061
3037
2525
3549
3293
2269
3805
2781
3933
2909
2397
3421
3165
2141
3677
2653
4045
3021
2509
3533
3277
2253
3789
2765
3661
2637
2125
3149
3917
2893
3405
2381
3853
2829
2317
3341
3085
2061
3597
2573
3981
2957
2445
3469
3725
2701
2189
3213
4077
3053
2541
3565
3309
2285
3821
2797
3693
2669
2157
3181
3949
2925
3437
2413
4013
2989
2477
3501
3245
2221
3757
2733
3629
2605
2093
3117
3885
2861
3373
2349
4085
3061
2549
3573
3317
2293
3829
2805
3701
2677
2165
3189
3957
2933
3445
2421
3893
2869
2357
3381
3125
2101
3637
2613
4021
2997
2485
3509
3765
2741
2229
3253
3989
2965
2453
3477
3221
2197
3733
2709
3605
2581
2069
3093
3861
2837
3349
2325
4053
3029
2517
3541
3285
2261
3797
2773
3925
2901
2389
3413
3157
2133
3669
2645
4037
3013
2501
3525
3269
2245
3781
2757
3653
2629
2117
3141
3909
2885
3397
2373
3845
2821
2309
3333
3077
2053
3589
2565
3973
2949
2437
3461
3717
2693
2181
3205
4069
3045
2533
3557
3301
2277
3813
2789
3685
2661
2149
3173
3941
2917
3429
2405
4005
2981
2469
3493
3237
2213
3749
2725
3621
2597
2085
3109
3877
2853
3365
2341
4092
3068
2556
3580
3324
2300
3836
2812
3708
2684
2172
3196
3964
2940
3452
2428
3900
2876
2364
3388
3132
2108
3644
2620
4028
3004
2492
3516
3772
2748
2236
3260
3996
2972
2460
3484
3228
2204
3740
2716
3612
2588
2076
3100
3868
2844
3356
2332
4060
3036
2524
3548
3292
2268
3804
2780
3932
2908
2396
3420
3164
2140
3676
2652
4044
3020
2508
3532
3276
2252
3788
2764
3660
2636
2124
3148
3916
2892
3404
2380
3852
2828
2316
3340
3084
2060
3596
2572
3980
2956
2444
3468
3724
2700
2188
3212
4076
3052
2540
3564
3308
2284
3820
2796
3692
2668
2156
3180
3948
2924
3436
2412
4012
2988
2476
3500
3244
2220
3756
2732
3628
2604
2092
3116
3884
2860
3372
2348
4068
3044
2532
3556
3300
2276
3812
2788
3684
2660
2148
3172
3940
2916
3428
2404
3876
2852
2340
3364
3108
2084
3620
2596
4004
2980
2468
3492
3748
2724
2212
3236
3972
2948
2436
3460
3204
2180
3716
2692
3588
2564
2052
3076
3844
2820
3332
2308
4036
3012
2500
3524
3268
2244
3780
2756
3908
2884
2372
3396
3140
2116
3652
2628
4084
3060
2548
3572
3316
2292
3828
2804
3700
2676
2164
3188
3956
2932
3444
2420
3892
2868
2356
3380
3124
2100
3636
2612
4020
2996
2484
3508
3764
2740
2228
3252
4052
3028
2516
3540
3284
2260
3796
2772
3668
2644
2132
3156
3924
2900
3412
2388
3860
2836
2324
3348
3092
2068
3604
2580
3988
2964
2452
3476
3732
2708
2196
3220
4080
3056
2544
3568
3312
2288
3824
2800
3696
2672
2160
3184
3952
2928
3440
2416
3888
2864
2352
3376
3120
2096
3632
2608
4016
2992
2480
3504
3760
2736
2224
3248
3984
2960
2448
3472
3216
2192
3728
2704
3600
2576
2064
3088
3856
2832
3344
2320
4048
3024
2512
3536
3280
2256
3792
2768
3920
2896
2384
3408
3152
2128
3664
2640
4032
3008
2496
3520
3264
2240
3776
2752
3648
2624
2112
3136
3904
2880
3392
2368
3840
2816
2304
3328
3072
4096
3584
2560
3968
2944
2432
3456
3712
2688
2176
3200
4064
3040
2528
3552
3296
2272
3808
2784
3680
2656
2144
3168
3936
2912
3424
2400
4000
2976
2464
3488
3232
2208
3744
2720
3616
2592
2080
3104
3872
2848
3360
2336
4088
3064
2552
3576
3320
2296
3832
2808
3704
2680
2168
3192
3960
2936
3448
2424
3896
2872
2360
3384
3128
2104
3640
2616
4024
3000
2488
3512
3768
2744
2232
3256
3992
2968
2456
3480
3224
2200
3736
2712
3608
2584
2072
3096
3864
2840
3352
2328
4056
3032
2520
3544
3288
2264
3800
2776
3928
2904
2392
3416
3160
2136
3672
2648
4072
3048
2536
3560
3304
2280
3816
2792
3688
2664
2152
3176
3944
2920
3432
2408
3880
2856
2344
3368
3112
2088
3624
2600
4008
2984
2472
3496
3752
2728
2216
3240
3976
2952
2440
3464
3208
2184
3720
2696
3592
2568
2056
3080
3848
2824
3336
2312
4040
3016
2504
3528
3272
2248
3784
2760
3912
2888
2376
3400
3144
2120
3656
2632
4094
3070
2558
3582
3326
2302
3838
2814
3710
2686
2174
3198
3966
2942
3454
2430
3902
2878
2366
3390
3134
2110
3646
2622
4030
3006
2494
3518
3774
2750
2238
3262
3998
2974
2462
3486
3230
2206
3742
2718
3614
2590
2078
3102
3870
2846
3358
2334
4062
3038
2526
3550
3294
2270
3806
2782
3934
2910
2398
3422
3166
2142
3678
2654
4046
3022
2510
3534
3278
2254
3790
2766
3662
2638
2126
3150
3918
2894
3406
2382
3854
2830
2318
3342
3086
2062
3598
2574
3982
2958
2446
3470
3726
2702
2190
3214
4078
3054
2542
3566
3310
2286
3822
2798
3694
2670
2158
3182
3950
2926
3438
2414
4014
2990
2478
3502
3246
2222
3758
2734
3630
2606
2094
3118
3886
2862
3374
2350
4070
3046
2534
3558
3302
2278
3814
2790
3686
2662
2150
3174
3942
2918
3430
2406
3878
2854
2342
3366
3110
2086
3622
2598
4006
2982
2470
3494
3750
2726
2214
3238
3974
2950
2438
3462
3206
2182
3718
2694
3590
2566
2054
3078
3846
2822
3334
2310
4038
3014
2502
3526
3270
2246
3782
2758
3910
2886
2374
3398
3142
2118
3654
2630
4086
3062
2550
3574
3318
2294
3830
2806
3702
2678
2166
3190
3958
2934
3446
2422
3894
2870
2358
3382
3126
2102
3638
2614
4022
2998
2486
3510
3766
2742
2230
3254
4054
3030
2518
3542
3286
2262
3798
2774
3670
2646
2134
3158
3926
2902
3414
2390
3862
2838
2326
3350
3094
2070
3606
2582
3990
2966
2454
3478
3734
2710
2198
3222
4090
3066
2554
3578
3322
2298
3834
2810
3706
2682
2170
3194
3962
2938
3450
2426
3898
2874
2362
3386
3130
2106
3642
2618
4026
3002
2490
3514
3770
2746
2234
3258
3994
2970
2458
3482
3226
2202
3738
2714
3610
2586
2074
3098
3866
2842
3354
2330
4058
3034
2522
3546
3290
2266
3802
2778
3930
2906
2394
3418
3162
2138
3674
2650
4042
3018
2506
3530
3274
2250
3786
2762
3658
2634
2122
3146
3914
2890
3402
2378
3850
2826
2314
3338
3082
2058
3594
2570
3978
2954
2442
3466
3722
2698
2186
3210
4074
3050
2538
3562
3306
2282
3818
2794
3690
2666
2154
3178
3946
2922
3434
2410
4010
2986
2474
3498
3242
2218
3754
2730
3626
2602
2090
3114
3882
2858
3370
2346
4066
3042
2530
3554
3298
2274
3810
2786
3682
2658
2146
3170
3938
2914
3426
2402
3874
2850
2338
3362
3106
2082
3618
2594
4002
2978
2466
3490
3746
2722
2210
3234
3970
2946
2434
3458
3202
2178
3714
2690
3586
2562
2050
3074
3842
2818
3330
2306
4034
3010
2498
3522
3266
2242
3778
2754
3906
2882
2370
3394
3138
2114
3650
2626
4082
3058
2546
3570
3314
2290
3826
2802
3698
2674
2162
3186
3954
2930
3442
2418
3890
2866
2354
3378
3122
2098
3634
2610
4018
2994
2482
3506
3762
2738
2226
3250
4050
3026
2514
3538
3282
2258
3794
2770
3666
2642
2130
3154
3922
2898
3410
2386
3858
2834
2322
3346
3090
2066
3602
2578
3986
2962
2450
3474
3730
2706
2194
3218